7 0.187643 0.36125 0.051487 0.0475
7 0.185069 0.525625 0.040618 0.04375
7 0.184783 0.554375 0.04119 0.04625
7 0.649314 0.4225 0.025172 0.055
8 0.223112 0.24625 0.032037 0.0975
8 0.250286 0.126875 0.03032 0.13625
8 0.305778 0.134375 0.04405 0.13875
8 0.200515 0.63875 0.0246 0.0625
8 0.225973 0.64 0.029748 0.0725
11 0.275744 0.886875 0.084668 0.11875
15 0.279176 0.433125 0.080092 0.13625
9 0.386728 0.439375 0.089245 0.09875
19 0.381579 0.534375 0.058352 0.06875
11 0.537471 0.52125 0.061213 0.0975
24 0.609268 0.520625 0.077803 0.08625
13 0.681636 0.526875 0.060069 0.07875
6 0.665904 0.461875 0.034325 0.05375
19 0.668478 0.576875 0.063501 0.05375
