22 0.417929 0.314361 0.042399 0.134851
22 0.494246 0.317863 0.037553 0.148862
22 0.569655 0.329247 0.038159 0.154116
22 0.643852 0.32049 0.039976 0.157618
22 0.717747 0.263573 0.030285 0.071804
22 0.795578 0.361646 0.036947 0.064799
22 0.856753 0.330998 0.04785 0.14711
22 0.917929 0.318739 0.043004 0.161121
6 0.719564 0.32662 0.024228 0.075306
6 0.795881 0.416813 0.021805 0.052539
24 0.794973 0.45359 0.018776 0.049037
26 0.718958 0.420315 0.041187 0.077058
24 0.660206 0.811734 0.066626 0.166375
23 0.384313 0.481611 0.015142 0.031524
23 0.459419 0.484238 0.018776 0.029772
23 0.535433 0.486865 0.018171 0.035026
23 0.609025 0.484238 0.015142 0.02627
23 0.556329 0.865149 0.019988 0.038529
23 0.586008 0.891419 0.015142 0.028021
23 0.754694 0.422942 0.020594 0.036778
27 0.404906 0.472855 0.016354 0.038529
27 0.478195 0.474606 0.018776 0.049037
27 0.554512 0.469352 0.018776 0.049037
27 0.627801 0.471103 0.018776 0.045534
27 0.596911 0.84676 0.019988 0.036778
27 0.597517 0.809107 0.026045 0.042032
27 0.609933 0.882662 0.016959 0.035026
7 0.382495 0.515762 0.021199 0.029772
7 0.403392 0.514886 0.018171 0.035026
7 0.431859 0.504378 0.020594 0.024518
7 0.456693 0.512259 0.019382 0.022767
7 0.478195 0.509632 0.019988 0.028021
7 0.50636 0.507881 0.018171 0.028021
7 0.532707 0.514886 0.017565 0.028021
7 0.553301 0.510508 0.018776 0.02627
7 0.581769 0.504378 0.018776 0.031524
7 0.606905 0.513135 0.019382 0.031524
7 0.628104 0.509632 0.018171 0.024518
7 0.656572 0.507881 0.020594 0.028021
7 0.529073 0.889667 0.018776 0.035026
7 0.554512 0.894046 0.017565 0.033275
7 0.75318 0.450088 0.018776 0.028021
