6 0.298762 0.251687 0.077399 0.103914
6 0.383385 0.254386 0.075335 0.103914
6 0.475748 0.250337 0.074303 0.106613
6 0.559856 0.25776 0.075335 0.102564
6 0.650155 0.253711 0.074303 0.105263
6 0.735294 0.247638 0.077399 0.103914
6 0.818885 0.252362 0.073271 0.091768
27 0.342105 0.3583 0.05676 0.079622
27 0.423117 0.364372 0.059856 0.075574
27 0.511868 0.366397 0.063983 0.079622
27 0.598039 0.360999 0.054696 0.071525
27 0.684211 0.363023 0.043344 0.080972
27 0.770898 0.369096 0.047472 0.076923
27 0.859649 0.365047 0.068111 0.082321
7 0.334365 0.42915 0.053664 0.053981
7 0.419505 0.433873 0.044376 0.063428
7 0.505676 0.427126 0.057792 0.076923
7 0.595975 0.425101 0.048504 0.062078
7 0.681631 0.425101 0.052632 0.072874
7 0.768318 0.42915 0.060888 0.062078
7 0.857585 0.433873 0.063983 0.082321
26 0.735294 0.573549 0.058824 0.078273
6 0.244066 0.744265 0.050568 0.068826
6 0.45614 0.742915 0.055728 0.08502
6 0.615583 0.744939 0.065015 0.08637
27 0.266254 0.823212 0.033024 0.051282
27 0.4871 0.815789 0.045408 0.05803
27 0.638803 0.819838 0.037152 0.049933
7 0.267802 0.865722 0.038184 0.041835
7 0.481424 0.864372 0.04644 0.044534
7 0.637255 0.865047 0.038184 0.051282
