6 0.256816 0.313131 0.079607 0.11544
6 0.347328 0.313131 0.070883 0.112554
6 0.436205 0.31241 0.061069 0.113997
6 0.524537 0.316739 0.071974 0.116883
6 0.615594 0.314574 0.066521 0.103896
6 0.7012 0.316739 0.071974 0.099567
6 0.793893 0.314574 0.069793 0.092352
6 0.88386 0.316017 0.06434 0.10101
6 0.198473 0.82684 0.054526 0.083694
6 0.419302 0.826118 0.059978 0.079365
6 0.706107 0.786436 0.059978 0.077922
26 0.796074 0.647186 0.06325 0.076479
27 0.294984 0.430736 0.055616 0.085137
27 0.381679 0.427128 0.047983 0.075036
27 0.471101 0.4329 0.045802 0.075036
27 0.558342 0.42785 0.054526 0.082251
27 0.651036 0.431457 0.050164 0.080808
27 0.739368 0.429293 0.050164 0.082251
27 0.834242 0.435065 0.052345 0.079365
27 0.921483 0.432179 0.056707 0.082251
27 0.2241 0.907648 0.033806 0.060606
27 0.445474 0.904762 0.04253 0.054834
27 0.729008 0.865079 0.038168 0.050505
7 0.293893 0.502165 0.055616 0.05772
7 0.380044 0.494228 0.059978 0.076479
7 0.46892 0.5 0.054526 0.070707
7 0.561069 0.5 0.049073 0.070707
7 0.653217 0.498557 0.050164 0.073593
7 0.739913 0.495671 0.049073 0.070707
7 0.833152 0.500722 0.047983 0.063492
7 0.920938 0.5 0.06434 0.070707
7 0.223555 0.951659 0.045802 0.047619
7 0.444929 0.952381 0.045802 0.051948
7 0.726281 0.909812 0.041439 0.038961
