11 0.094249 0.33439 0.043663 0.060222
24 0.149627 0.352615 0.092652 0.096672
11 0.207135 0.370048 0.043663 0.052298
7 0.197551 0.456418 0.054313 0.044374
7 0.446219 0.391442 0.023429 0.07607
7 0.472843 0.397781 0.031949 0.069731
7 0.661342 0.641838 0.017039 0.031696
7 0.694888 0.639461 0.015974 0.023772
7 0.730032 0.638669 0.013845 0.022187
7 0.764643 0.639461 0.014909 0.023772
24 0.703408 0.745642 0.096912 0.093502
6 0.5 0.415214 0.037274 0.079239
11 0.850905 0.333597 0.070288 0.099842
6 0.648562 0.576862 0.036209 0.044374
6 0.684771 0.5729 0.031949 0.045959
6 0.71672 0.5729 0.038339 0.042789
6 0.755059 0.575277 0.034079 0.050713
