11 0.036578 0.311377 0.04771 0.098204
11 0.666667 0.302994 0.049618 0.071856
11 0.775445 0.30479 0.040712 0.073054
11 0.763995 0.201198 0.034351 0.057485
11 0.879453 0.201198 0.03117 0.057485
11 0.631997 0.610778 0.026081 0.052695
24 0.631679 0.676647 0.033079 0.095808
13 0.658715 0.749701 0.037532 0.071856
11 0.74173 0.838922 0.033079 0.058683
11 0.083651 0.826946 0.024809 0.046707
13 0.085242 0.92515 0.034351 0.08503
7 0.620547 0.316168 0.018448 0.045509
7 0.699746 0.317964 0.019084 0.041916
7 0.749364 0.157485 0.026718 0.037126
7 0.862595 0.164072 0.031807 0.033533
7 0.907761 0.22994 0.017812 0.047904
7 0.871501 0.241916 0.020356 0.033533
7 0.063613 0.809581 0.012723 0.038323
7 0.064885 0.866467 0.016539 0.039521
8 0.011132 0.830539 0.022265 0.022754
8 0.012405 0.850898 0.023537 0.022754
8 0.559796 0.307784 0.030534 0.035928
8 0.762405 0.082036 0.027354 0.063473
8 0.871819 0.077246 0.018448 0.044311
8 0.888995 0.080838 0.01972 0.044311
8 0.974873 0.184431 0.029898 0.033533
8 0.976463 0.211377 0.030534 0.032335
8 0.978053 0.277844 0.028626 0.031138
8 0.905216 0.305389 0.036896 0.035928
8 0.976463 0.331737 0.035623 0.043114
7 0.649809 0.444311 0.027354 0.038323
9 0.665712 0.390419 0.029898 0.088623
