6 0.341823 0.235026 0.077748 0.074219
6 0.341376 0.647135 0.080429 0.075521
6 0.423592 0.815755 0.048257 0.045573
6 0.505362 0.814453 0.047364 0.048177
6 0.581769 0.81901 0.055407 0.044271
6 0.642985 0.815755 0.038427 0.042969
6 0.710903 0.817708 0.043789 0.046875
6 0.778374 0.820312 0.053619 0.049479
6 0.849866 0.814453 0.050045 0.050781
14 0.34361 0.379557 0.0563 0.128906
24 0.342717 0.498698 0.065237 0.085938
27 0.391868 0.282552 0.034853 0.028646
27 0.364611 0.570964 0.067918 0.063802
27 0.36193 0.707031 0.060769 0.049479
27 0.353887 0.771484 0.042895 0.053385
27 0.436104 0.755208 0.057194 0.065104
27 0.516533 0.760417 0.051832 0.059896
27 0.587578 0.764323 0.049151 0.057292
27 0.651028 0.763021 0.050938 0.054688
27 0.720286 0.76237 0.057194 0.061198
27 0.788651 0.761068 0.045576 0.074219
27 0.857462 0.763672 0.050938 0.071615
27 0.432976 0.873698 0.072386 0.072917
27 0.513405 0.872396 0.070599 0.075521
27 0.588025 0.871745 0.060769 0.063802
27 0.652368 0.870443 0.058981 0.058594
27 0.72118 0.873698 0.062556 0.070312
27 0.78597 0.873698 0.067024 0.065104
27 0.853887 0.874349 0.065237 0.066406
7 0.382484 0.317708 0.035746 0.041667
7 0.418677 0.458984 0.070599 0.076823
7 0.428954 0.548828 0.07328 0.061198
0 0.323056 0.817708 0.031278 0.033854
0 0.363271 0.821615 0.025916 0.026042
0 0.344504 0.84375 0.03664 0.041667
