8 0.083086 0.057971 0.017804 0.01054
8 0.083828 0.066535 0.01632 0.006588
8 0.08457 0.073123 0.020772 0.009223
8 0.085312 0.082345 0.019288 0.009223
15 0.196588 0.069829 0.040059 0.028986
7 0.230712 0.05336 0.013353 0.011858
7 0.230712 0.086957 0.01632 0.01054
7 0.244065 0.056653 0.013353 0.02108
7 0.244065 0.083663 0.013353 0.019763
8 0.404303 0.021739 0.019288 0.019763
8 0.910237 0.084321 0.01632 0.013175
8 0.924332 0.089592 0.017804 0.013175
8 0.914688 0.131094 0.022255 0.014493
8 0.658012 0.651515 0.022255 0.022398
8 0.785608 0.698287 0.025223 0.01581
8 0.125371 0.967062 0.02819 0.01581
8 0.39911 0.45191 0.014837 0.013175
8 0.41543 0.452569 0.017804 0.014493
8 0.431751 0.45191 0.014837 0.01581
15 0.416914 0.068511 0.038576 0.02635
15 0.414688 0.324769 0.037092 0.030303
11 0.866469 0.125823 0.035608 0.027668
11 0.664688 0.276021 0.053412 0.040843
7 0.876855 0.102767 0.017804 0.01581
7 0.896884 0.117918 0.01632 0.011858
13 0.748516 0.094203 0.043027 0.035573
13 0.474777 0.273386 0.05638 0.040843
13 0.532641 0.193017 0.065282 0.051383
15 0.416172 0.41502 0.040059 0.031621
7 0.39095 0.384717 0.02819 0.013175
7 0.39911 0.393281 0.035608 0.011858
7 0.44362 0.394598 0.029674 0.011858
24 0.575668 0.27668 0.077151 0.039526
24 0.673591 0.391304 0.074184 0.036891
24 0.189911 0.486825 0.050445 0.059289
11 0.190653 0.434124 0.054896 0.038208
13 0.189911 0.538208 0.05638 0.043478
10 0.236647 0.517128 0.031157 0.035573
7 0.238131 0.48946 0.025223 0.022398
10 0.419139 0.529644 0.045994 0.023715
11 0.475519 0.527668 0.051929 0.038208
11 0.475519 0.599473 0.051929 0.039526
11 0.476261 0.697628 0.047478 0.040843
10 0.522255 0.719368 0.041543 0.031621
11 0.275223 0.822793 0.043027 0.030303
11 0.36276 0.843874 0.048961 0.038208
11 0.529674 0.843874 0.050445 0.035573
24 0.441395 0.843874 0.078635 0.038208
7 0.451039 0.87747 0.023739 0.018445
10 0.501484 0.872859 0.065282 0.022398
6 0.554896 0.916996 0.029674 0.02108
27 0.554896 0.935441 0.026706 0.018445
11 0.554896 0.965744 0.050445 0.039526
7 0.52819 0.810277 0.029674 0.018445
6 0.315282 0.891304 0.022255 0.017128
27 0.31454 0.87747 0.014837 0.01054
6 0.295994 0.887352 0.013353 0.011858
27 0.295994 0.879447 0.010386 0.009223
11 0.872404 0.965086 0.074184 0.054018
24 0.764095 0.796443 0.038576 0.019763
14 0.765579 0.815547 0.008902 0.01054
14 0.791543 0.816206 0.013353 0.011858
14 0.813056 0.825428 0.011869 0.017128
14 0.551929 0.738472 0.020772 0.017128
11 0.645401 0.69697 0.038576 0.02635
7 0.682493 0.702899 0.017804 0.014493
24 0.58457 0.104084 0.041543 0.02108
14 0.511869 0.126482 0.008902 0.013175
14 0.520772 0.125823 0.011869 0.011858
14 0.583828 0.121212 0.010386 0.013175
14 0.611276 0.123188 0.011869 0.014493
14 0.634273 0.127141 0.010386 0.011858
10 0.583828 0.194993 0.043027 0.02108
14 0.623887 0.198946 0.022255 0.01054
10 0.515579 0.248353 0.045994 0.017128
10 0.505193 0.306983 0.040059 0.02635
14 0.531157 0.326087 0.014837 0.014493
14 0.551187 0.247694 0.022255 0.01054
7 0.585312 0.250988 0.019288 0.014493
14 0.573442 0.253623 0.010386 0.009223
14 0.574184 0.29776 0.011869 0.01581
7 0.559347 0.318182 0.014837 0.011858
27 0.575668 0.312912 0.014837 0.014493
27 0.59273 0.391304 0.01632 0.013175
6 0.59273 0.40448 0.01632 0.01581
7 0.609792 0.398551 0.014837 0.011858
14 0.672107 0.368906 0.008902 0.01054
14 0.672849 0.413043 0.010386 0.011858
7 0.683976 0.364295 0.020772 0.014493
