11 0.02994 0.312937 0.05988 0.146853
11 0.25 0.308566 0.053892 0.120629
11 0.50524 0.308566 0.052395 0.106643
13 0.885105 0.340909 0.048653 0.094406
11 0.383982 0.487762 0.058383 0.122378
24 0.452844 0.503497 0.067365 0.122378
7 0.427395 0.412587 0.026946 0.066434
7 0.279192 0.402098 0.020958 0.08042
7 0.309132 0.390734 0.023952 0.078671
8 0.138847 0.341783 0.026198 0.057692
8 0.177021 0.359266 0.029192 0.047203
8 0.686003 0.305944 0.033683 0.048951
9 0.508982 0.451049 0.02994 0.122378
14 0.504865 0.555944 0.018713 0.073427
14 0.451347 0.429196 0.016467 0.061189
14 0.451722 0.585664 0.02021 0.06993
14 0.683009 0.432692 0.023204 0.064685
14 0.616766 0.471154 0.025449 0.061189
14 0.613024 0.697552 0.023952 0.062937
8 0.952096 0.442308 0.023952 0.06993
8 0.867515 0.770105 0.02994 0.064685
19 0.711452 0.763986 0.045659 0.059441
19 0.653817 0.411713 0.03518 0.057692
27 0.68226 0.513112 0.032186 0.061189
27 0.73241 0.545455 0.023204 0.062937
27 0.77994 0.526224 0.020958 0.045455
6 0.685254 0.592657 0.033683 0.101399
6 0.776946 0.593531 0.031437 0.071678
14 0.778069 0.662587 0.023204 0.055944
