7 0.262203 0.41092 0.041302 0.054598
7 0.550063 0.137931 0.036295 0.043103
7 0.643304 0.185345 0.042553 0.037356
7 0.372966 0.31681 0.037547 0.041667
7 0.388611 0.35273 0.038798 0.041667
7 0.772215 0.409483 0.020025 0.020115
11 0.612641 0.127874 0.066333 0.077586
11 0.565707 0.345546 0.067584 0.079023
11 0.331665 0.451868 0.065081 0.079023
24 0.454318 0.398707 0.095119 0.08477
9 0.385482 0.431753 0.037547 0.033046
9 0.792866 0.388649 0.02378 0.047414
9 0.829787 0.389368 0.022528 0.045977
9 0.85169 0.389368 0.018773 0.048851
10 0.722153 0.68319 0.030038 0.04454
6 0.610138 0.79023 0.021277 0.025862
11 0.729036 0.621408 0.071339 0.073276
24 0.726533 0.766523 0.061327 0.104885
11 0.725282 0.907328 0.061327 0.073276
5 0.548185 0.786638 0.015019 0.027299
5 0.566333 0.787356 0.013767 0.025862
14 0.546308 0.80819 0.011264 0.018678
14 0.555695 0.807471 0.010013 0.020115
14 0.566333 0.807471 0.008761 0.017241
14 0.526909 0.844828 0.037547 0.022989
14 0.54005 0.861351 0.033792 0.021552
14 0.550688 0.875718 0.032541 0.024425
14 0.48811 0.814655 0.017522 0.037356
14 0.467459 0.835489 0.021277 0.03592
14 0.447434 0.85273 0.021277 0.03592
14 0.671464 0.612069 0.031289 0.025862
14 0.802879 0.503592 0.028786 0.021552
14 0.817272 0.52227 0.027534 0.024425
14 0.834793 0.54023 0.025031 0.020115
14 0.826658 0.434626 0.013767 0.021552
14 0.835419 0.432471 0.008761 0.020115
14 0.849186 0.432471 0.01627 0.020115
14 0.740926 0.361351 0.030038 0.030172
14 0.598874 0.387213 0.021277 0.027299
14 0.470588 0.436063 0.025031 0.024425
14 0.382353 0.456178 0.02378 0.018678
14 0.377347 0.47342 0.026283 0.024425
14 0.361076 0.489224 0.026283 0.030172
19 0.550688 0.431753 0.042553 0.03592
19 0.678348 0.382902 0.032541 0.027299
19 0.765332 0.502155 0.02378 0.024425
19 0.773467 0.522989 0.020025 0.020115
19 0.764706 0.54023 0.030038 0.022989
14 0.6602 0.765805 0.066333 0.028736
