11 0.131627 0.299431 0.045704 0.069701
11 0.363803 0.301565 0.045704 0.068279
11 0.479433 0.302987 0.048446 0.073969
11 0.735375 0.299431 0.039305 0.061166
11 0.844607 0.188478 0.038391 0.066856
11 0.969378 0.054765 0.04479 0.078236
24 0.907221 0.118777 0.055759 0.078236
7 0.884369 0.069701 0.022852 0.036984
7 0.706124 0.261024 0.017367 0.041252
7 0.390311 0.262447 0.025594 0.046942
10 0.755941 0.368421 0.032907 0.065434
10 0.482176 0.660028 0.031993 0.082504
9 0.184644 0.299431 0.062157 0.049787
11 0.480804 0.578947 0.04936 0.071124
11 0.838665 0.667852 0.046618 0.066856
14 0.837751 0.774538 0.028336 0.112376
14 0.479433 0.774538 0.022852 0.106686
28 0.471207 0.875533 0.097806 0.112376
28 0.826782 0.876245 0.095978 0.108108
