6 0.058402 0.345494 0.035418 0.107296
6 0.108892 0.335837 0.032404 0.109442
6 0.154861 0.340129 0.036925 0.10515
6 0.207234 0.340129 0.030143 0.118026
6 0.247174 0.345494 0.03165 0.128755
6 0.323662 0.342275 0.035418 0.109442
6 0.401658 0.339056 0.034665 0.098712
6 0.817257 0.342275 0.044461 0.10515
6 0.921251 0.340129 0.02939 0.096567
11 0.634137 0.371245 0.047476 0.111588
11 0.727204 0.375536 0.049736 0.128755
24 0.24642 0.497854 0.034665 0.11588
24 0.538433 0.480687 0.048983 0.201717
6 0.503014 0.356223 0.047476 0.085837
19 0.258478 0.66309 0.043708 0.094421
19 0.412208 0.66309 0.051243 0.072961
19 0.473248 0.425966 0.018086 0.087983
6 0.538433 0.646996 0.032404 0.109442
19 0.393369 0.7897 0.039186 0.072961
19 0.393745 0.849785 0.03994 0.060086
25 0.419744 0.811159 0.103994 0.150215
19 0.059533 0.491416 0.019593 0.06867
19 0.11266 0.496781 0.017332 0.066524
19 0.155237 0.495708 0.015072 0.064378
19 0.209495 0.487124 0.016579 0.04721
25 0.286737 0.570815 0.033911 0.055794
27 0.080256 0.439914 0.017332 0.042918
27 0.13263 0.44206 0.015072 0.038627
27 0.174454 0.446352 0.014318 0.034335
27 0.228711 0.443133 0.015825 0.045064
27 0.342502 0.446352 0.018839 0.042918
27 0.424642 0.44206 0.018839 0.038627
27 0.83572 0.44206 0.015072 0.042918
7 0.833082 0.483906 0.018839 0.045064
7 0.707611 0.479614 0.018086 0.045064
7 0.618312 0.478541 0.015825 0.04721
7 0.077242 0.482833 0.017332 0.04721
7 0.129616 0.483906 0.015072 0.045064
7 0.171816 0.482833 0.018086 0.051502
7 0.225697 0.482833 0.014318 0.04721
7 0.341372 0.483906 0.015072 0.045064
7 0.421628 0.484979 0.018839 0.038627
7 0.942351 0.483906 0.015825 0.045064
27 0.944989 0.443133 0.018086 0.045064
14 0.923512 0.487124 0.017332 0.064378
14 0.814619 0.491416 0.013564 0.04721
14 0.726451 0.487124 0.015072 0.051502
14 0.636398 0.476395 0.015825 0.04721
14 0.403165 0.491416 0.015072 0.060086
14 0.322909 0.491416 0.017332 0.04721
