7 0.191362 0.365 0.053204 0.06
7 0.185927 0.5275 0.042334 0.0475
7 0.181064 0.559375 0.046339 0.04375
7 0.650172 0.4275 0.022311 0.06
11 0.276888 0.89375 0.072082 0.095
11 0.281465 0.42625 0.080092 0.125
9 0.380721 0.438125 0.072654 0.08875
11 0.534039 0.524375 0.060069 0.09625
13 0.681636 0.52875 0.065789 0.08
6 0.667334 0.47 0.033753 0.0525
24 0.606121 0.529375 0.072654 0.08375
8 0.24857 0.10875 0.032609 0.0875
8 0.311499 0.1025 0.047483 0.0725
8 0.224542 0.228125 0.0246 0.05125
8 0.200801 0.645625 0.026316 0.04625
8 0.223112 0.643125 0.024027 0.06625
