22 0.418231 0.325744 0.036947 0.140105
22 0.493035 0.318739 0.039976 0.1331
22 0.566929 0.32049 0.038764 0.140105
22 0.641429 0.315236 0.027862 0.119089
22 0.719261 0.256567 0.035736 0.064799
22 0.796184 0.357268 0.028468 0.056042
22 0.854936 0.319615 0.032102 0.134851
22 0.913992 0.32049 0.026651 0.122592
23 0.383404 0.482487 0.016959 0.033275
23 0.45851 0.482487 0.015748 0.029772
23 0.533313 0.47986 0.015142 0.028021
23 0.608419 0.480736 0.015142 0.02627
23 0.55421 0.864273 0.015748 0.029772
23 0.5851 0.894921 0.009691 0.017513
23 0.753483 0.420315 0.013325 0.024518
6 0.717747 0.33275 0.014537 0.045534
6 0.796184 0.417688 0.015142 0.036778
24 0.660206 0.814361 0.060569 0.136602
24 0.795578 0.455342 0.01272 0.028021
26 0.71805 0.420315 0.036947 0.059545
27 0.403998 0.477233 0.019382 0.043783
27 0.478801 0.478109 0.017565 0.042032
27 0.552998 0.476357 0.016959 0.045534
27 0.628104 0.474606 0.018171 0.042032
27 0.598425 0.809107 0.024228 0.049037
27 0.596911 0.84676 0.021199 0.033275
27 0.609328 0.885289 0.014537 0.029772
7 0.383404 0.511384 0.018171 0.021016
7 0.403695 0.514886 0.017565 0.024518
7 0.431557 0.507005 0.015142 0.033275
7 0.506663 0.50613 0.017565 0.028021
7 0.534222 0.512259 0.018171 0.029772
7 0.553301 0.514886 0.016354 0.024518
7 0.582374 0.508757 0.018776 0.033275
7 0.607813 0.511384 0.017565 0.028021
7 0.628407 0.509632 0.018776 0.035026
7 0.656269 0.50613 0.017565 0.031524
7 0.754088 0.450088 0.015748 0.024518
7 0.530285 0.886165 0.018776 0.028021
7 0.555118 0.896673 0.017565 0.028021
7 0.586614 0.911559 0.01272 0.019264
7 0.609025 0.908932 0.01272 0.021016
