6 0.083749 0.253247 0.03988 0.076067
27 0.100199 0.304267 0.016949 0.037106
7 0.100199 0.333952 0.012961 0.033395
14 0.082253 0.331169 0.018943 0.061224
14 0.105683 0.802412 0.037886 0.050093
14 0.27318 0.66141 0.01994 0.057514
14 0.337488 0.664193 0.014955 0.06308
14 0.398305 0.670686 0.014955 0.050093
14 0.427218 0.904453 0.040877 0.03525
14 0.621137 0.738404 0.025922 0.040816
14 0.604686 0.87013 0.020937 0.037106
14 0.729811 0.591837 0.033898 0.037106
6 0.275673 0.586271 0.038883 0.06308
6 0.334497 0.587199 0.036889 0.068646
6 0.399801 0.587199 0.035892 0.076067
27 0.419242 0.637291 0.016949 0.03525
27 0.294118 0.635436 0.015952 0.038961
27 0.354935 0.632653 0.017946 0.040816
7 0.294118 0.665121 0.01994 0.020408
7 0.35344 0.667904 0.016949 0.025974
7 0.417747 0.667904 0.017946 0.025974
27 0.604187 0.658627 0.089731 0.111317
7 0.777168 0.67718 0.012961 0.029685
9 0.792124 0.639147 0.024925 0.083488
9 0.878365 0.641929 0.023928 0.089054
9 0.901795 0.642857 0.024925 0.083488
9 0.927717 0.640074 0.022931 0.081633
9 0.95015 0.64564 0.023928 0.089054
