14 0.087989 0.039835 0.103352 0.041209
11 0.166201 0.040522 0.050279 0.056319
9 0.165503 0.109203 0.037709 0.067308
11 0.165503 0.21978 0.054469 0.063187
11 0.164804 0.375687 0.055866 0.056319
24 0.267458 0.376374 0.074022 0.057692
11 0.368017 0.37706 0.060056 0.053571
11 0.567039 0.377747 0.053073 0.057692
24 0.465084 0.37706 0.081006 0.059066
11 0.166201 0.646291 0.058659 0.059066
11 0.863128 0.645604 0.050279 0.046703
11 0.165503 0.78022 0.051676 0.049451
11 0.165503 0.904533 0.057263 0.056319
7 0.198324 0.864698 0.036313 0.028846
9 0.28352 0.826923 0.039106 0.052198
10 0.171788 0.445055 0.050279 0.063187
14 0.165503 0.508242 0.034916 0.035714
14 0.194134 0.5625 0.041899 0.026099
14 0.329609 0.502747 0.019553 0.03022
14 0.35405 0.50206 0.015363 0.023352
14 0.37081 0.616758 0.040503 0.024725
14 0.201816 0.749313 0.037709 0.026099
14 0.553771 0.609203 0.043296 0.026099
14 0.676676 0.561813 0.02933 0.027473
14 0.574721 0.510302 0.015363 0.020604
14 0.59567 0.510302 0.018156 0.020604
14 0.492318 0.465659 0.032123 0.024725
14 0.467179 0.412088 0.018156 0.027473
14 0.694832 0.398352 0.02933 0.027473
14 0.611732 0.374313 0.03352 0.017857
19 0.163408 0.710852 0.027933 0.042582
19 0.312151 0.605082 0.037709 0.028846
7 0.201117 0.188874 0.027933 0.031593
7 0.197626 0.260302 0.034916 0.026099
14 0.24581 0.220467 0.097765 0.031593
9 0.210196 0.374313 0.040503 0.028846
9 0.521648 0.37294 0.034916 0.026099
14 0.260475 0.406593 0.026536 0.024725
14 0.247207 0.457418 0.027933 0.021978
7 0.269553 0.489698 0.019553 0.017857
27 0.282123 0.478709 0.02514 0.020604
6 0.331704 0.475275 0.02933 0.021978
6 0.355447 0.473901 0.023743 0.027473
6 0.528631 0.488324 0.02095 0.026099
5 0.575419 0.48489 0.019553 0.027473
5 0.599162 0.482143 0.01676 0.03022
7 0.819832 0.620879 0.02514 0.052198
7 0.872905 0.602335 0.039106 0.042582
