7 0.195953 0.454041 0.048988 0.045959
27 0.165602 0.439778 0.024494 0.052298
27 0.448349 0.385103 0.025559 0.095087
27 0.471778 0.392235 0.023429 0.080824
6 0.500532 0.415214 0.042599 0.082409
6 0.651225 0.571315 0.033014 0.049128
6 0.685836 0.571315 0.036209 0.042789
6 0.72098 0.573693 0.040469 0.044374
6 0.755591 0.569731 0.037274 0.045959
11 0.852503 0.338352 0.077742 0.115689
24 0.702875 0.749604 0.091587 0.088748
7 0.660809 0.641838 0.015974 0.022187
7 0.695421 0.643423 0.014909 0.025357
7 0.730564 0.641046 0.01278 0.023772
7 0.764643 0.642631 0.017039 0.023772
27 0.660277 0.621236 0.014909 0.028526
27 0.695421 0.621236 0.017039 0.022187
27 0.730032 0.624406 0.018104 0.019017
27 0.765708 0.623613 0.017039 0.020602
11 0.094782 0.335182 0.034079 0.049128
11 0.202875 0.37084 0.033014 0.053883
11 0.369542 0.335975 0.036209 0.047544
11 0.489883 0.338352 0.036209 0.052298
11 0.530351 0.540412 0.040469 0.060222
11 0.694888 0.335975 0.035144 0.047544
24 0.149627 0.352615 0.084132 0.087163
