7 0.197176 0.6563 0.026151 0.039872
7 0.176255 0.720893 0.013598 0.031898
7 0.192992 0.724083 0.017782 0.038278
7 0.506276 0.282297 0.020921 0.022329
7 0.496339 0.304625 0.019874 0.041467
7 0.496339 0.368421 0.021967 0.047847
7 0.54864 0.280702 0.032427 0.031898
7 0.553347 0.555821 0.016736 0.046252
9 0.862971 0.543062 0.10251 0.116427
11 0.932008 0.877193 0.066946 0.105263
8 0.935669 0.287879 0.034519 0.087719
8 0.538703 0.219298 0.023013 0.039872
8 0.51569 0.220893 0.025105 0.059011
8 0.407427 0.314992 0.036611 0.049442
8 0.409519 0.358054 0.044979 0.039872
8 0.088912 0.669059 0.029289 0.023923
8 0.091004 0.688198 0.039749 0.027113
8 0.091004 0.711324 0.039749 0.031898
24 0.584205 0.526316 0.055439 0.111643
13 0.72228 0.563796 0.070084 0.090909
